8.754063999999999623e+00
8.516394000000000020e+00
8.807451000000000363e+00
9.420655000000000001e+00
7.357087599999999838e+00
9.055232000000000170e+00
9.932356000000000407e+00
9.018254999999999910e+00
9.129979999999999762e+00
8.355017999999999390e+00
8.429833000000000354e+00
8.664291999999999661e+00
8.981968999999999426e+00
6.492080999999999769e+00
8.873246999999999218e+00
8.537127999999999162e+00
9.406928000000000623e+00
8.962994000000000128e+00
8.890788000000000579e+00
8.805881499999999917e+00
9.310366999999999393e+00
9.404080000000000439e+00
8.628552000000000888e+00
9.105783999999999878e+00
8.345501999999999754e+00
9.009586999999999790e+00
9.225369000000000597e+00
8.719566999999999624e+00
9.203319999999999723e+00
8.789072000000000884e+00
9.591525000000000745e+00
9.285845999999999378e+00
8.781843000000000288e+00
8.758150000000000546e+00
1.007193999999999967e+01
9.251893000000000811e+00
8.737384999999999735e+00
8.314445499999999711e+00
9.514087999999999212e+00
9.064742999999999995e+00
9.152836000000000638e+00
9.347405999999999437e+00
9.741205000000000780e+00
9.398680000000000589e+00
8.473152999999999935e+00
8.010160000000000835e+00
9.123722000000000776e+00
8.734467499999999163e+00
8.017986999999999753e+00
9.344177000000000177e+00
9.736456999999999695e+00
9.543215000000000003e+00
8.042270000000000252e+00
9.698055000000000092e+00
1.024471999999999916e+01
9.275734999999999175e+00
7.967584600000000350e+00
8.132602999999999582e+00
8.950920999999999239e+00
8.418162000000000589e+00
9.222571000000000296e+00
9.728574000000000055e+00
8.840280999999999167e+00
8.877789500000000444e+00
9.137247999999999593e+00
8.434328000000000713e+00
9.298009999999999664e+00
9.428359000000000378e+00
9.136993999999999616e+00
7.349452000000000318e+00
9.766766999999999754e+00
8.718382000000000076e+00
8.709481999999999502e+00
9.634389000000000536e+00
9.674018000000000228e+00
7.572479699999999703e+00
7.829271300000000267e+00
9.287589000000000539e+00
8.315606000000000719e+00
9.237505000000000521e+00
9.037708999999999548e+00
8.919814999999999827e+00
8.395039999999999836e+00
9.116796000000000788e+00
9.634484999999999744e+00
8.815747000000000000e+00
9.028178000000000480e+00
8.790373999999999910e+00
8.937670000000000670e+00
9.312941000000000358e+00
9.727764999999999773e+00
8.962265000000000370e+00
9.466124999999999901e+00
9.671331999999999596e+00
9.272973999999999606e+00
1.023268299999999975e+01
7.535722999999999949e+00
8.745127000000000095e+00
9.094082999999999473e+00
9.278306999999999860e+00
